$ANSIBLE_VAULT;1.1;AES256
65323166653936656238313966353233306563626263323765393962396161306562373965613566
3735633035333336343937303763306264363536336132390a363537623839623339663765383533
62393664616664306266333630323436633936303134613034613839376464343732666133326330
6131643133303132310a316639303961303162376364393866343739393763393962666133333336
36386639613735316639326133356665386339346437653835643565666461323435373231336362
62613533653738303830653934663831373963613937323866323231326538653866663661363239
37353130353064326537333832343030306436313835383764313437623761386664376632666661
34663638643534323964303661363566656662666633653264323263366462343961623536313732
62616131396337366630646230383934643233326433666331333935316639643464313532316264
36313862303537623232353431393036353762323562613439316533623031376463643666356165
396363616563323562336432646639353364
