$ANSIBLE_VAULT;1.1;AES256
61623332623639636331336562373363313733323434316662616661343534626161393334653762
6261663762323233303764623732366165393564393233390a363834306262303230386238343133
36666133633466636637346134633732393535656239386266353066656238663737356535626539
6465346336373738640a363436306133636463323438323739326264393833636534373739346663
62343437663739343666346562343539666464643930313331626131373332316330323737383163
62303262373866616363346333666335343738653031346163386136333366653331386131376163
65386465643133633066616462393732666437313935396136306631303866376130346536656466
31366364306638663433373538306438663438363765386436383066326237636266366365336366
38376437316637636237373632386664366638613164616239643933383130353839333634643265
65666664636363633431323663623533373266376365663738323564303066633735313635323162
666461336232393466353463646462663063
