$ANSIBLE_VAULT;1.1;AES256
32386265383438333530353964653563363538376133313736383931326633343166343537396361
3334393337623862383161373338343639666139363665300a306666303761393833396532613337
37346366626566343165636339653633626433383661363336303066616131653038623134653061
3230346333623062340a656131623732396562613035643862666561663934663232376562386433
61623233316336633833643966363831376538313065343663313038616234366535613839653266
32626263653565333161646565333764616637356336663936666132653838383132353565323938
64343861343339666133646335643738633036646339316463646233643430393934656332386533
33356436393739656439613862393738353638303830383436396534663635656365626236393734
31383263326335306562643134316330313235663066363566656365653535323666663433663661
34303831326463363562653738356531393233336164643233353330623532363835393037356239
35643065656334316465393633616139363961363865613864623664663934666338366133366135
36373439636337383763373839313433373861396435666139663361366233646636613837373765
61396438373866313239306431666266383230393564666433623332373763653936326238616363
34343434386161393866353230656337663535653935656435306665633833623234356338656530
38356135616639633461653861623731393961636564376538313763643332333066653065346334
65353931323364383637366137376234356336353333373131633265303236623864313565386634
3934
